
#>bubblesort 10 case 1
5e-06,3e-06,3e-06,3e-06,3e-06,3e-06,2e-06,3e-06,2e-06,3e-06,2e-06,3e-06,3e-06,3e-06,2e-06,2e-06,3e-06,2e-06,2e-06,2e-06,3e-06,3e-06,2e-06,2e-06,2e-06,2e-06,2e-06,3e-06,3e-06,2e-06,2e-06,2e-06,3e-06,2e-06,2e-06,3.5e-05,2e-06,3e-06,3e-06,3e-06,2e-06,2e-06,2e-06,2e-06,3e-06,3e-06,2e-06,2e-06,2e-06,2e-06,2e-06,2e-06,3e-06,3e-06,2e-06,2e-06,2e-06,2e-06,2e-06,3e-06,3e-06,2e-06,2e-06,3e-06,2e-06,3e-06,2e-06,2e-06,2e-06,2e-06,2e-06,2e-06,3e-06,3e-06,3e-06,2e-06,2e-06,3e-06,3e-06,2e-06,2e-06,2e-06,3e-06,2e-06,2e-06,2e-06,2e-06,2e-06,2e-06,3e-06,3e-06,3e-06,2e-06,2e-06,2e-06,3e-06,2e-06,2e-06,2e-06,2e-06,
#>bubblesort 10 case 2
6e-06,5e-06,4e-06,4e-06,5e-06,4e-06,4e-06,5e-06,4e-06,4e-06,5e-06,5e-06,4e-06,4e-06,4e-06,4e-06,3e-06,4e-06,4e-06,5e-06,4e-06,4e-06,5e-06,4e-06,4e-06,4e-06,4e-06,4e-06,4e-06,5e-06,4e-06,4e-06,5e-06,5e-06,4e-06,4e-06,4e-06,4e-06,4e-06,4e-06,4e-06,4e-06,4e-06,4e-06,3e-06,4e-06,4e-06,4e-06,4e-06,4e-06,4e-06,5e-06,4e-06,4e-06,4e-06,4e-06,4e-06,4e-06,5e-06,4e-06,4e-06,4e-06,4e-06,4e-06,4e-06,3e-06,4e-06,4e-06,4e-06,4e-06,5e-06,4e-06,4e-06,3e-06,3e-06,3e-06,4e-06,3e-06,4e-06,4e-06,3e-06,4e-06,5e-06,4e-06,3e-06,4e-06,4e-06,4e-06,4e-06,5e-06,4e-06,3e-06,3e-06,3e-06,4e-06,3e-06,3e-06,3e-06,4e-06,4e-06,
#>bubblesort 10 case 3
7e-06,5e-06,4e-06,4e-06,4e-06,3e-06,4e-06,4e-06,3e-06,4e-06,3e-06,3e-06,3e-06,4e-06,3e-06,3e-06,3e-06,3e-06,3e-06,3e-06,4e-06,4e-06,3e-06,3e-06,4e-06,3e-06,3e-06,3e-06,3e-06,4e-06,3e-06,3e-06,3e-06,3e-06,3e-06,4e-06,3e-06,3e-06,3e-06,3e-06,3e-06,3e-06,4e-06,3e-06,3e-06,3e-06,3e-06,3e-06,4e-06,3e-06,3e-06,3e-06,3e-06,3e-06,4e-06,3e-06,3e-06,3e-06,3e-06,4e-06,4e-06,3e-06,4e-06,3e-06,3e-06,3e-06,3e-06,3e-06,3e-06,3e-06,3e-06,3e-06,3e-06,4e-06,4e-06,4e-06,3e-06,3e-06,3e-06,4e-06,3e-06,3e-06,3e-06,4e-06,3e-06,3e-06,4e-06,4e-06,4e-06,3e-06,3e-06,3e-06,3e-06,3e-06,3e-06,3e-06,3e-06,3e-06,3e-06,3e-06,
#>bubblesort 10 case 4
5e-06,3e-06,3e-06,3e-06,3e-06,2e-06,2e-06,2e-06,3e-06,3e-06,3e-06,3e-06,3e-06,2e-06,3e-06,2e-06,2e-06,3e-06,2e-06,3e-06,2e-06,3e-06,2e-06,3e-06,2e-06,3e-06,3e-06,2e-06,2e-06,3e-06,3e-06,3e-06,3e-06,3e-06,2e-06,3e-06,2e-06,3e-06,3e-06,3e-06,2e-06,3e-06,3e-06,2.5e-05,3e-06,2e-06,3e-06,3e-06,3e-06,3e-06,2e-06,3e-06,2e-06,3e-06,2e-06,2e-06,3e-06,3e-06,2e-06,3e-06,3e-06,2e-06,2e-06,3e-06,2e-06,2e-06,3e-06,2e-06,3e-06,2e-06,3e-06,3e-06,2e-06,3e-06,3e-06,2e-06,3e-06,2e-06,3e-06,3e-06,2e-06,3e-06,3e-06,2e-06,3e-06,2e-06,3e-06,3e-06,2e-06,3e-06,3e-06,2e-06,3e-06,3e-06,2e-06,3e-06,3e-06,2e-06,3e-06,3e-06,
#>bubblesort 1000 case 1
0.006085,0.002686,0.003169,0.003012,0.002678,0.002799,0.002723,0.002744,0.002778,0.002659,0.002675,0.00269,0.002947,0.002889,0.00268,0.002706,0.002699,0.002754,0.002707,0.002706,0.002688,0.002655,0.00268,0.002681,0.002689,0.002682,0.002707,0.002696,0.002674,0.002712,0.002673,0.002679,0.002679,0.002698,0.002695,0.002697,0.002692,0.002696,0.002665,0.003202,0.00271,0.002678,0.002675,0.002695,0.002705,0.00267,0.002686,0.002698,0.002706,0.002664,0.002702,0.002704,0.00268,0.002653,0.002666,0.00269,0.002693,0.002685,0.002678,0.002652,0.002708,0.002683,0.002683,0.002663,0.002706,0.002686,0.002675,0.002693,0.002693,0.002697,0.002687,0.002697,0.002678,0.002703,0.002691,0.002704,0.002675,0.002698,0.002691,0.002711,0.0027,0.002695,0.00271,0.002698,0.002692,0.002691,0.002706,0.002696,0.002681,0.002697,0.002652,0.002693,0.002682,0.002702,0.002684,0.002689,0.002686,0.002702,0.002691,0.00268,
#>bubblesort 1000 case 2
0.00774,0.004186,0.004022,0.003958,0.003917,0.004107,0.004693,0.003929,0.004379,0.003911,0.003892,0.003906,0.003966,0.003939,0.003914,0.003911,0.003913,0.00392,0.003911,0.003947,0.003899,0.003942,0.003995,0.003911,0.003945,0.003927,0.003908,0.003962,0.003868,0.003922,0.003915,0.003906,0.003909,0.003885,0.003949,0.00443,0.003916,0.003918,0.003904,0.003956,0.003898,0.003946,0.003939,0.003876,0.003945,0.003899,0.003935,0.003934,0.003922,0.003935,0.00393,0.00391,0.003958,0.003886,0.003909,0.003924,0.003909,0.003927,0.003894,0.003908,0.003902,0.003915,0.003944,0.003932,0.003939,0.00391,0.003929,0.003923,0.003908,0.00393,0.003956,0.003927,0.003915,0.003908,0.003926,0.003882,0.003882,0.003911,0.003927,0.00394,0.003896,0.003931,0.003886,0.003906,0.003877,0.003919,0.003905,0.00395,0.003917,0.00396,0.003932,0.003895,0.003928,0.003962,0.003919,0.003928,0.003933,0.003934,0.003931,0.003868,
#>bubblesort 1000 case 3
0.008249,0.005477,0.004939,0.004938,0.004974,0.005143,0.004789,0.004786,0.004811,0.004786,0.004789,0.004787,0.004783,0.00479,0.004786,0.004787,0.004787,0.004786,0.004786,0.00479,0.005151,0.004883,0.004791,0.00479,0.004786,0.004787,0.004785,0.004787,0.004789,0.004787,0.004787,0.004787,0.004788,0.004786,0.004786,0.004789,0.004791,0.004787,0.004788,0.004784,0.004789,0.004786,0.004787,0.004787,0.004784,0.004786,0.00479,0.004786,0.004786,0.004789,0.004788,0.004789,0.004789,0.004787,0.004783,0.004788,0.004787,0.004787,0.004788,0.004787,0.004785,0.004786,0.004788,0.004789,0.00479,0.004787,0.00479,0.004789,0.004788,0.004789,0.004786,0.004787,0.004788,0.004786,0.004789,0.00479,0.004785,0.004786,0.004784,0.004787,0.004788,0.004787,0.004784,0.004787,0.004787,0.004787,0.004788,0.004787,0.004789,0.004782,0.004785,0.004788,0.004789,0.004787,0.004786,0.004787,0.004788,0.004789,0.004787,0.004786,
#>bubblesort 1000 case 4
0.006723,0.002884,0.003499,0.002928,0.002903,0.002873,0.002897,0.003273,0.003084,0.002959,0.002891,0.002903,0.00291,0.002927,0.002897,0.002907,0.002916,0.002863,0.002899,0.00289,0.002912,0.002871,0.002905,0.00288,0.002902,0.002903,0.003303,0.002903,0.002903,0.002925,0.002897,0.002878,0.002906,0.002897,0.002937,0.00289,0.002893,0.002901,0.00287,0.002926,0.00291,0.002901,0.002923,0.002889,0.002908,0.002937,0.002891,0.002886,0.002871,0.002916,0.002905,0.002913,0.002869,0.002901,0.002912,0.002912,0.002935,0.002899,0.002898,0.002916,0.002894,0.00287,0.002919,0.002921,0.002901,0.002912,0.002879,0.002923,0.002886,0.002905,0.002894,0.002899,0.002925,0.002901,0.002876,0.002893,0.002885,0.002888,0.002939,0.002888,0.002907,0.002895,0.002889,0.002936,0.00291,0.002887,0.0029,0.002904,0.002906,0.002909,0.002893,0.002905,0.00291,0.002893,0.002881,0.002929,0.002893,0.002891,0.002908,0.002901,
#>bubblesort 10000 case 1
0.268288,0.265894,0.266435,0.265844,0.266428,0.265831,0.266484,0.265782,0.266332,0.266137,0.280847,0.282469,0.270158,0.281492,0.281613,0.277746,0.268906,0.268135,0.266379,0.266124,0.268499,0.267373,0.268176,0.266208,0.268285,0.269139,0.281524,0.280666,0.266674,0.271477,0.278144,0.267151,0.278418,0.277514,0.268189,0.267426,0.267423,0.274484,0.26877,0.269368,0.273556,0.272176,0.266368,0.266751,0.268178,0.268485,0.268512,0.27862,0.27275,0.267016,0.268988,0.275012,0.27196,0.271092,0.270824,0.267988,0.267675,0.27003,0.283351,0.286956,0.280047,0.28104,0.274817,0.270249,0.281194,0.280563,0.268921,0.285347,0.276662,0.272263,0.271518,0.277053,0.275806,0.273611,0.268568,0.266584,0.26649,0.266471,0.271951,0.28309,0.278716,0.269158,0.267813,0.266606,0.266337,0.266538,0.265908,0.266414,0.265918,0.273821,0.265797,0.266348,0.266957,0.267499,0.267372,0.266106,0.266291,0.266155,0.266501,0.266441,
#>bubblesort 10000 case 2
0.464485,0.459156,0.458472,0.460389,0.459094,0.460547,0.460743,0.46022,0.457611,0.458744,0.459382,0.45975,0.457536,0.459649,0.459734,0.459744,0.459237,0.456919,0.459374,0.459804,0.458145,0.459173,0.460897,0.459674,0.460168,0.457446,0.457934,0.458483,0.459306,0.460116,0.457628,0.457386,0.457992,0.458911,0.458047,0.459522,0.458261,0.458795,0.457645,0.45716,0.459066,0.4561,0.456771,0.457896,0.456396,0.458001,0.459339,0.460045,0.456076,0.457415,0.45924,0.458429,0.45673,0.458335,0.459472,0.458046,0.457518,0.458341,0.460001,0.459411,0.458421,0.458086,0.456146,0.457797,0.457174,0.459238,0.458886,0.458276,0.457941,0.4588,0.459486,0.458937,0.457653,0.4585,0.456649,0.457991,0.459093,0.457925,0.455735,0.459088,0.458201,0.458199,0.457447,0.457708,0.456067,0.459535,0.457816,0.459702,0.456602,0.457421,0.459069,0.457773,0.456852,0.458822,0.458063,0.459596,0.459596,0.458215,0.460268,0.457509,
#>bubblesort 10000 case 3
0.478443,0.476827,0.476615,0.47641,0.475697,0.476433,0.476726,0.476478,0.476515,0.475642,0.476371,0.480014,0.47727,0.476387,0.475901,0.476308,0.476491,0.476629,0.47647,0.47587,0.476318,0.476675,0.476249,0.475632,0.475917,0.475811,0.475814,0.475858,0.476059,0.475934,0.475853,0.475905,0.47582,0.475914,0.475916,0.476,0.475645,0.475743,0.475868,0.475838,0.475875,0.475845,0.475941,0.475687,0.475874,0.475739,0.475737,0.475895,0.475936,0.476004,0.475828,0.475806,0.475784,0.475803,0.475775,0.475871,0.475921,0.475892,0.475915,0.47597,0.475859,0.475948,0.475873,0.475891,0.475926,0.475933,0.475773,0.47591,0.475829,0.475933,0.475899,0.475893,0.47596,0.475904,0.475945,0.475866,0.475911,0.47725,0.475841,0.475785,0.475832,0.475906,0.475914,0.475885,0.475791,0.475986,0.475912,0.475928,0.475905,0.475816,0.475984,0.475889,0.475853,0.475896,0.475935,0.475822,0.475863,0.475904,0.475927,0.475766,
#>bubblesort 10000 case 4
0.286581,0.284173,0.284166,0.284247,0.285291,0.284378,0.284763,0.283794,0.284458,0.284603,0.285164,0.284303,0.284747,0.284459,0.2855,0.284772,0.284611,0.28491,0.284433,0.284868,0.284656,0.283959,0.284664,0.284695,0.283887,0.283914,0.283703,0.284243,0.284062,0.284973,0.284108,0.284885,0.283796,0.285218,0.284848,0.28482,0.284425,0.284625,0.284238,0.284087,0.283967,0.284096,0.284375,0.284156,0.284648,0.284435,0.283957,0.283757,0.284931,0.284377,0.284921,0.284798,0.284342,0.285036,0.284677,0.284876,0.284384,0.284287,0.285012,0.284581,0.284041,0.284533,0.283559,0.284039,0.284045,0.283727,0.284662,0.28428,0.284554,0.28416,0.284244,0.284559,0.283637,0.284614,0.284156,0.284512,0.284226,0.284573,0.28427,0.284723,0.284652,0.284748,0.283981,0.283868,0.284242,0.284375,0.284312,0.283388,0.284742,0.285157,0.284194,0.284367,0.283954,0.284463,0.284841,0.2846,0.284651,0.284564,0.283452,0.284607,
#>bubblesort 100000 case 1
27.0125,27.5595,28.2931,26.923,26.9007,26.85,26.8575,26.8472,26.8593,26.8806,27.9868,26.7304,26.8739,26.6461,26.645,26.641,26.6554,28.0796,28.4174,28.0101,28.6319,28.7875,28.7732,28.8513,28.4568,28.3913,28.1404,27.5096,26.82,26.8073,26.8883,26.8103,26.8138,26.8156,26.8067,26.8193,26.8197,26.8239,26.8321,26.7226,26.6419,26.6418,26.64,26.6427,26.6426,26.6434,26.6403,26.6423,26.647,26.6439,26.6418,26.6425,26.6466,26.6369,26.6383,26.6395,26.6381,26.6385,26.6397,26.6431,26.6434,26.6436,26.6372,26.64,26.6407,26.6396,26.6402,26.6427,26.6449,26.6375,26.643,26.6362,26.643,26.6398,26.6391,26.6447,26.6399,26.6433,26.6434,26.6362,26.6381,26.6434,26.6368,26.6392,26.6404,26.6416,26.6399,26.6382,26.6419,26.6386,26.6431,26.6408,26.6406,26.646,26.64,26.6412,26.6413,26.6445,26.6429,26.6422,

#>bubblesort 100000 case 4
29.7535,29.4843,29.568,29.5653,29.5536,29.4627,29.4613,28.4804,30.0605,29.1844,29.6863,29.8404,29.7558,29.6914,29.8852,29.8339,29.6965,29.6991,29.8436,29.6906,29.7498,29.7169,29.8684,29.6986,29.8931,29.9091,29.8456,29.7075,29.6629,29.6741,28.8724,29.2464,29.3435,29.5628,29.5919,29.6138,29.7445,29.4371,29.5287,29.4807,29.5457,29.6509,29.5722,29.453,29.7683,29.5789,29.5467,29.5279,29.5431,29.5372,29.5454,29.6292,29.5389,29.5438,29.7285,29.5566,29.5434,29.5279,29.4895,29.4377,29.5247,29.4811,29.5324,29.4961,29.5537,29.4656,29.5443,29.4292,28.9387,29.3645,29.5292,29.4912,29.4096,29.4723,29.5511,29.471,29.5256,29.4725,28.8697,29.5805,29.6196,29.5437,29.5745,29.5038,29.5048,29.5201,29.498,29.5385,29.4919,29.8217,29.4802,29.5816,29.5356,29.564,29.5404,29.556,29.4822,29.8275,30.0247,29.6609,
#>bubblesort 1000000 case 1
>90 minutes
#>bubblesort 1000000 case 2
>90 minutes
#>bubblesort 1000000 case 3
>90 minutes
#>bubblesort 1000000 case 4
>90 minutes