
#>selectionsort 10 case 1
1e-06,1e-06,1e-06,0,0,0,0,0,1e-06,1e-06,1e-06,0,1.4e-05,0,0,0,0,0,0,1e-06,0,1e-06,1e-06,0,1e-06,1e-06,0,1e-06,0,1e-06,1e-06,1e-06,0,1e-06,1e-06,1e-06,0,1e-06,1e-06,1e-06,0,1e-06,1e-06,1e-06,0,1e-06,1e-06,1e-06,1e-06,1e-06,1e-06,1e-06,0,1e-06,1e-06,1e-06,1e-06,0,1e-06,1e-06,1e-06,0,1e-06,1.2e-05,1e-06,1e-06,0,0,0,0,1e-06,1e-06,1e-06,1e-06,1e-06,1e-06,1e-06,1e-06,0,0,0,0,1e-06,1e-06,1e-06,1e-06,1e-06,1e-06,1e-06,0,0,0,0,1e-06,0,1e-06,1e-06,1e-06,1e-06,1e-06,
#>selectionsort 10 case 2
1e-06,1e-06,2.3e-05,1e-06,1e-06,1e-06,0,1e-06,1.5e-05,0,1e-06,1e-06,0,1e-06,1e-06,0,1e-06,1e-06,0,1e-06,1.3e-05,1e-06,0,1e-06,1e-06,1e-06,1e-06,0,1e-06,0,1e-06,0,1e-06,1e-06,1e-06,1e-06,0,1e-06,0,1e-06,0,1e-06,0,1e-06,0,1e-06,0,1e-06,0,1e-06,1e-06,1e-06,1e-06,0,1e-06,1e-06,1e-06,0,1e-06,0,1e-06,1e-06,1e-06,1e-06,1e-06,1e-06,0,1e-06,0,1e-06,0,1e-06,0,1e-06,0,1e-06,0,1e-06,0,1e-06,0,1e-06,0,1e-06,0,1e-06,0,1e-06,0,1e-06,0,1e-06,0,1e-06,0,1e-06,0,1e-06,0,1e-06,
#>selectionsort 10 case 3
1e-06,1e-06,1e-06,1e-06,1e-06,0,0,1e-06,1e-06,1e-06,1e-06,1e-06,0,0,0,0,0,1e-06,1e-06,1e-06,1e-06,1.3e-05,0,0,0,0,0,0,0,0,1e-06,1e-06,1e-06,1e-06,1e-06,1e-06,1e-06,1e-06,1e-06,1e-06,1e-06,1e-06,1e-06,1e-06,1e-06,1e-06,1e-06,1e-06,1e-06,1e-06,1e-06,1e-06,1e-06,1e-06,1e-06,0,1e-06,1e-06,0,1e-06,1e-06,1e-06,1e-06,1e-06,1e-06,1e-06,1e-06,1e-06,1e-06,1e-06,1e-06,1e-06,1e-06,1e-06,1e-06,1e-06,1e-06,1e-06,1e-06,1e-06,1e-06,1e-06,1e-06,1e-06,1e-06,1e-06,1e-06,1e-06,1e-06,0,1e-06,1e-06,1e-06,0,1e-06,0,1e-06,1e-06,1e-06,1e-06,
#>selectionsort 10 case 4
0,1e-06,1e-06,1e-06,1e-06,0,0,1.4e-05,1e-06,1e-06,1e-06,1.4e-05,1e-06,1e-06,1e-06,1e-06,0,0,1e-06,0,0,0,1e-06,0,0,0,0,0,0,1e-06,0,0,0,0,1.3e-05,1e-06,1e-06,0,0,0,0,0,1e-06,0,1e-06,0,0,1e-06,1e-06,1e-06,1e-06,1e-06,1e-06,1e-06,1e-06,1e-06,1e-06,0,1e-06,1e-06,0,1e-06,1e-06,0,1e-06,0,1e-06,1e-06,0,0,0,1e-06,1e-06,1e-06,1e-06,1e-06,0,1e-06,1e-06,0,1e-06,1e-06,0,1e-06,1e-06,1e-06,1e-06,1e-06,0,1e-06,1e-06,1e-06,1e-06,1e-06,1e-06,1e-06,1e-06,1e-06,1e-06,0,
#>selectionsort 1000 case 1
0.001033,0.001018,0.001034,0.001021,0.001021,0.001023,0.001022,0.00102,0.001105,0.001062,0.001086,0.001023,0.001026,0.001023,0.001023,0.001026,0.001022,0.001023,0.001025,0.001032,0.001024,0.001057,0.001051,0.001085,0.001022,0.001019,0.001024,0.001022,0.001022,0.001023,0.001024,0.001021,0.001021,0.001024,0.001021,0.001024,0.001027,0.001024,0.001022,0.001021,0.001024,0.001022,0.001019,0.001021,0.001021,0.001021,0.001019,0.001023,0.001021,0.001023,0.001023,0.001021,0.00102,0.001021,0.001024,0.001024,0.001022,0.001024,0.001022,0.001022,0.001022,0.001021,0.001021,0.001019,0.001023,0.001021,0.001022,0.001021,0.001023,0.00102,0.001025,0.001026,0.001025,0.001021,0.001026,0.00102,0.00102,0.00102,0.001022,0.001024,0.001022,0.001027,0.001023,0.001023,0.001021,0.001039,0.001112,0.001022,0.001024,0.001025,0.001021,0.00102,0.001023,0.001022,0.001024,0.001019,0.001023,0.001021,0.001018,0.001027,
#>selectionsort 1000 case 2
0.001168,0.00104,0.001041,0.001032,0.001035,0.001035,0.001039,0.001042,0.001035,0.001036,0.001036,0.001034,0.001038,0.001035,0.00104,0.001032,0.001108,0.001039,0.001042,0.001036,0.001034,0.001041,0.001036,0.001034,0.001069,0.00107,0.001096,0.001043,0.001038,0.001035,0.001035,0.001096,0.00104,0.001043,0.001035,0.001032,0.001041,0.001037,0.001033,0.001036,0.001037,0.001033,0.001032,0.001033,0.001035,0.001039,0.001034,0.001109,0.001036,0.001034,0.001033,0.001033,0.001039,0.001032,0.001032,0.001034,0.001032,0.001034,0.001036,0.001036,0.001037,0.001031,0.001062,0.001064,0.001035,0.001033,0.001033,0.001033,0.001031,0.001035,0.00104,0.001042,0.001033,0.001039,0.001036,0.001036,0.001035,0.001036,0.001107,0.001071,0.001037,0.001037,0.001042,0.001031,0.001034,0.001032,0.001035,0.001032,0.001035,0.001038,0.001035,0.001031,0.001033,0.001036,0.00114,0.001037,0.001185,0.001043,0.001036,0.001035,
#>selectionsort 1000 case 3
0.001183,0.00114,0.00114,0.001138,0.001122,0.001152,0.001115,0.001144,0.001117,0.001144,0.001179,0.001136,0.001179,0.001175,0.001134,0.0011,0.00114,0.001153,0.001102,0.001132,0.001126,0.001164,0.001123,0.001152,0.001133,0.001125,0.001176,0.001147,0.001123,0.001162,0.001116,0.001124,0.001142,0.001111,0.001125,0.001177,0.001154,0.001161,0.001119,0.001135,0.001136,0.001132,0.001152,0.001121,0.001163,0.001138,0.001155,0.001114,0.001138,0.001151,0.001152,0.001142,0.001131,0.001126,0.001198,0.001165,0.001179,0.001126,0.001159,0.001146,0.001147,0.001117,0.001146,0.001151,0.001167,0.001156,0.001203,0.001143,0.001168,0.001165,0.001133,0.001145,0.001124,0.00115,0.001136,0.001127,0.001169,0.001138,0.001256,0.001206,0.00113,0.001155,0.001171,0.001128,0.001166,0.001139,0.001141,0.001141,0.001152,0.001141,0.001152,0.001148,0.001151,0.001122,0.001155,0.001142,0.001113,0.00112,0.001137,0.001149,
#>selectionsort 1000 case 4
0.001019,0.001022,0.001022,0.001025,0.001019,0.001022,0.001019,0.00101,0.001022,0.001018,0.001018,0.001019,0.001018,0.00102,0.001015,0.00102,0.001017,0.001016,0.001021,0.001017,0.001018,0.001018,0.001083,0.001015,0.00102,0.001019,0.001025,0.001022,0.00102,0.001018,0.001015,0.001019,0.001018,0.001019,0.001017,0.001016,0.001016,0.001017,0.00102,0.001016,0.001018,0.001016,0.001026,0.001017,0.001019,0.001022,0.00102,0.001017,0.001021,0.001018,0.00102,0.001022,0.001014,0.001018,0.001021,0.001094,0.001017,0.001018,0.001018,0.001021,0.001022,0.001014,0.001017,0.001017,0.001018,0.001019,0.001023,0.001019,0.001019,0.001019,0.00102,0.001019,0.001017,0.001017,0.00102,0.001018,0.001017,0.001026,0.001021,0.001018,0.00102,0.001015,0.001018,0.001026,0.001018,0.001018,0.001018,0.001063,0.001021,0.001023,0.001023,0.001023,0.001016,0.001021,0.001019,0.001018,0.001019,0.001024,0.001022,0.001016,
#>selectionsort 10000 case 1
0.099911,0.099682,0.099361,0.099258,0.099259,0.099234,0.099317,0.099227,0.09923,0.099252,0.099308,0.102506,0.099292,0.09924,0.099287,0.099265,0.099478,0.099465,0.099322,0.099359,0.09941,0.099415,0.099243,0.099264,0.099216,0.09927,0.099293,0.099241,0.099261,0.099244,0.099272,0.099232,0.099201,0.099194,0.099279,0.099264,0.099315,0.0993,0.09926,0.099248,0.099225,0.099567,0.09928,0.09927,0.099276,0.09928,0.099389,0.099255,0.099248,0.099251,0.099236,0.099271,0.099307,0.099278,0.099253,0.099257,0.099554,0.099744,0.099683,0.099632,0.099626,0.099638,0.099605,0.099606,0.099591,0.0996,0.099634,0.099585,0.099648,0.099593,0.099583,0.099538,0.099617,0.099637,0.099277,0.099211,0.100555,0.099276,0.099222,0.09925,0.099237,0.099261,0.099252,0.099235,0.099236,0.099272,0.099275,0.09925,0.099252,0.099255,0.099291,0.099257,0.099303,0.099628,0.099663,0.099649,0.099601,0.099767,0.099364,0.099243,
#>selectionsort 10000 case 2
0.099648,0.099381,0.09923,0.099187,0.099239,0.099253,0.09941,0.099238,0.099228,0.099283,0.099213,0.102245,0.099345,0.09919,0.099239,0.099323,0.099541,0.099248,0.099247,0.099171,0.099205,0.09922,0.099242,0.099193,0.099228,0.099139,0.099246,0.099181,0.099186,0.099277,0.099181,0.099274,0.099253,0.099191,0.099197,0.099198,0.099196,0.099362,0.099431,0.099272,0.099384,0.099434,0.099376,0.099217,0.099211,0.099198,0.099281,0.099244,0.099247,0.099208,0.099199,0.099279,0.099399,0.099314,0.099207,0.099187,0.099366,0.099269,0.099183,0.099141,0.09923,0.099328,0.099175,0.099263,0.099201,0.099191,0.099292,0.099185,0.099254,0.099217,0.099231,0.099233,0.099398,0.099182,0.099245,0.099201,0.099196,0.099351,0.099273,0.099216,0.099203,0.099189,0.099195,0.099204,0.099235,0.099252,0.099308,0.099226,0.099244,0.099231,0.099211,0.099223,0.099232,0.099246,0.099181,0.099213,0.099253,0.099253,0.099194,0.099234,
#>selectionsort 10000 case 3
0.101301,0.100936,0.100849,0.100762,0.100817,0.100856,0.10083,0.100764,0.100794,0.100845,0.100832,0.104344,0.100826,0.100791,0.10086,0.10082,0.101172,0.101139,0.10093,0.100795,0.10092,0.100775,0.100743,0.100784,0.100765,0.100865,0.100825,0.100794,0.100789,0.100785,0.100838,0.100819,0.100816,0.100798,0.100912,0.100802,0.100793,0.100817,0.100773,0.100828,0.100763,0.100833,0.100841,0.100836,0.100794,0.100909,0.100816,0.100818,0.100804,0.100822,0.100831,0.100835,0.100761,0.100885,0.100869,0.100987,0.101023,0.10084,0.100868,0.100822,0.100776,0.100821,0.100785,0.100859,0.100828,0.100834,0.10076,0.10086,0.100787,0.100834,0.10088,0.100799,0.100803,0.100832,0.100807,0.100965,0.100803,0.100844,0.100764,0.100891,0.100801,0.100831,0.100833,0.100817,0.100894,0.100891,0.100866,0.100818,0.100741,0.10084,0.10086,0.100779,0.100828,0.100842,0.100835,0.101051,0.100933,0.100779,0.100873,0.100839,
#>selectionsort 10000 case 4
0.099521,0.099351,0.099147,0.099119,0.099209,0.09922,0.09928,0.0991,0.099131,0.099254,0.099246,0.102273,0.099214,0.099094,0.099167,0.099164,0.099481,0.099173,0.099165,0.099188,0.099215,0.099186,0.099071,0.099208,0.099147,0.099305,0.099153,0.099143,0.099176,0.09915,0.099145,0.099174,0.099081,0.09931,0.099198,0.099214,0.099158,0.099172,0.099146,0.099153,0.099119,0.099137,0.099201,0.099353,0.099126,0.099205,0.099249,0.099217,0.099146,0.099219,0.099238,0.099241,0.099256,0.09909,0.099284,0.09913,0.099239,0.099148,0.099133,0.099209,0.099071,0.0991,0.099216,0.09921,0.099162,0.09914,0.099227,0.099133,0.099164,0.099166,0.099071,0.099159,0.099104,0.099145,0.099196,0.099172,0.099175,0.099186,0.099233,0.099195,0.09915,0.099139,0.099166,0.099337,0.099194,0.099099,0.099181,0.099113,0.099236,0.099117,0.099213,0.099129,0.099211,0.099123,0.099212,0.099137,0.099253,0.099087,0.099182,0.099174,
#>selectionsort 100000 case 1
10.2458,10.2418,10.244,10.2429,10.2417,10.2423,10.2431,10.2429,10.2434,10.2415,10.2418,10.2419,10.2419,10.2422,10.2439,10.2417,10.2421,10.2417,10.242,10.2416,10.2457,10.2418,10.242,10.2418,10.2417,10.2416,10.243,10.2423,10.2418,10.2424,10.2441,10.244,10.2415,10.2428,10.2418,10.2417,10.2421,10.2434,10.2416,10.2421,10.2415,10.2422,10.2423,10.2439,10.2416,10.2422,10.242,10.2414,10.2421,10.2433,10.2418,10.2413,10.2416,10.2419,10.2415,10.2434,10.2413,10.2417,10.2412,10.2425,10.2419,10.2433,10.2421,10.2418,10.242,10.2422,10.2417,10.2433,10.2428,10.2416,10.2418,10.2428,10.2434,10.2423,10.2417,10.2431,10.2418,10.2419,10.2481,10.242,10.242,10.2418,10.2427,10.2422,10.2428,10.2415,10.2419,10.2421,10.2421,10.2422,10.2437,10.2418,10.2419,10.242,10.2418,10.2425,10.2444,10.2414,10.2429,10.2417,
#>selectionsort 100000 case 2
9.93387,9.92403,9.9258,9.92693,9.9251,9.92539,9.92713,9.92819,9.9316,9.92832,9.92662,9.9208,9.92663,9.92643,9.92954,9.92599,9.92513,9.92249,9.93014,9.93177,9.93162,9.93339,9.92146,9.92764,9.92814,9.92257,9.93017,9.9272,9.92472,9.92764,9.9292,9.92957,9.93159,9.92799,9.92286,9.92668,9.92678,9.92435,9.93365,9.92573,9.93562,9.92831,9.92522,9.92391,9.92602,9.92469,9.92846,9.92787,9.92588,9.92657,9.93153,9.92443,9.93067,9.92527,9.92381,9.92327,9.92767,9.92541,9.92542,9.93356,9.92308,9.9235,9.92252,9.92386,9.92252,9.92132,9.92206,9.92521,9.9274,9.92004,9.92453,9.92687,9.92165,9.92575,9.92619,9.92279,9.92486,9.9267,9.92634,9.92507,9.92233,9.92239,9.92294,9.9224,9.93769,9.91807,9.92255,9.92484,9.93391,9.92339,9.92257,9.92148,9.92429,9.92573,9.92789,9.92874,9.92538,9.92084,9.92671,9.92876,
#>selectionsort 100000 case 3
10.0118,10.0063,9.98534,9.98455,9.98905,10.0058,9.99665,10.0044,10.007,10.0093,10.0168,10.0003,10.0007,9.99901,9.9869,10.0033,10.0142,9.99976,9.98982,10.012,9.97769,10.0048,10.0146,10.002,10.0039,9.98162,10.0064,9.97991,10.0014,10.0054,9.98453,10.0115,9.99404,10.0081,10.0087,9.98192,9.99933,9.98211,9.97965,10.0049,10.0052,10.0062,9.97783,10.0025,10.0054,9.98999,9.99685,10.0187,9.9799,10.0143,10.0074,10.018,9.99184,10.012,9.97453,9.98972,9.99592,10.0068,9.99769,10.0133,9.98906,9.99918,9.99963,9.99301,9.98607,9.98661,9.98122,9.99457,9.99244,10.0156,9.99938,9.98528,9.99854,9.99049,9.99183,9.98956,9.98753,9.99598,10.0022,9.97756,10.0094,9.98157,10.013,9.99769,10.0204,9.9768,9.99531,9.98916,9.99916,9.99852,9.99579,10.0074,9.98866,10.0115,10.0037,9.9808,9.98105,10.0143,10.0059,9.98247,
#>selectionsort 100000 case 4
9.92971,9.94637,9.93707,9.93973,9.93294,9.94665,9.93389,9.93418,9.93155,9.95096,9.93623,9.9416,9.93864,9.92716,9.93256,9.9353,9.94343,9.93552,9.94294,9.93512,9.93803,9.94412,9.93462,9.92785,9.93419,9.92549,9.94838,9.94531,9.93886,9.93312,9.9421,9.92435,9.92444,9.92155,9.94729,9.93063,9.94261,9.9428,9.94403,9.94138,9.95252,9.91939,9.94753,9.94125,9.94794,9.92729,9.92751,9.92618,9.93629,9.92681,9.93755,9.92509,9.93371,9.93936,9.94703,9.93675,9.93396,9.92018,9.92316,9.92849,9.92782,9.92785,9.92271,9.92456,9.92788,9.93034,9.93597,9.94332,9.93163,9.92223,9.94419,9.93361,9.93186,9.93934,9.91909,9.92217,9.93432,9.92979,9.93743,9.94518,9.93041,9.93477,9.92263,9.92663,9.93583,9.93595,9.91749,9.93323,9.92846,9.9294,9.93465,9.93887,9.94061,9.9476,9.92239,9.93484,9.93339,9.94013,9.92181,9.9461,
#>selectionsort 1000000 case 1
>90 minutes
#>selectionsort 1000000 case 2
>90 minutes
#>selectionsort 1000000 case 3
>90 minutes
#>selectionsort 1000000 case 4
>90 minutes