
#>quicksort 10 case 1
1.6e-05,1e-06,1e-06,1e-06,1e-06,1e-06,1e-06,1e-06,1e-06,1e-06,1e-06,1.4e-05,1e-06,1e-06,1e-06,1e-06,1e-06,1e-06,1e-06,1e-06,1e-06,1e-06,1e-06,0,1e-06,1e-06,1e-06,1e-06,1e-06,1e-06,1e-06,1e-06,1e-06,1e-06,0,1e-06,1e-06,1e-06,1e-06,1e-06,1e-06,1e-06,1e-06,1e-06,0,1e-06,1e-06,0,1e-06,1e-06,1e-06,1e-06,1e-06,1e-06,1e-06,1e-06,1e-06,0,1e-06,1e-06,1e-06,1e-06,1e-06,1e-06,0,1e-06,1e-06,0,1e-06,1e-06,1e-06,1e-06,1e-06,1e-06,0,1e-06,1e-06,1e-06,0,1e-06,1e-06,1e-06,1e-06,1e-06,1e-06,1e-06,1e-06,1e-06,0,1e-06,1e-06,1e-06,1e-06,1e-06,1e-06,1e-06,1e-06,1e-06,0,1e-06,
#>quicksort 10 case 2
1e-06,1e-06,2.4e-05,1e-06,1e-06,1e-06,1e-06,1.6e-05,1e-06,1e-06,1e-06,1e-06,1.5e-05,1e-06,1e-06,1e-06,1e-06,0,1e-06,1e-06,1e-06,1e-06,1e-06,1e-06,0,1e-06,1e-06,1e-06,1e-06,1e-06,1e-06,1e-06,1e-06,1e-06,1e-06,1e-06,1e-06,1e-06,0,1e-06,1e-06,1e-06,1e-06,0,1e-06,1e-06,1e-06,1e-06,0,1e-06,1e-06,0,1e-06,1e-06,0,1e-06,1e-06,0,1e-06,1e-06,1e-06,1e-06,1e-06,1e-06,1e-06,1e-06,0,1e-06,1e-06,1e-06,1e-06,1e-06,0,1e-06,1e-06,0,1e-06,1e-06,0,1e-06,0,1e-06,1e-06,0,1e-06,1e-06,0,1e-06,1e-06,1e-06,1e-06,1e-06,1e-06,1e-06,1e-06,1e-06,1e-06,1e-06,1e-06,1e-06,
#>quicksort 10 case 3
1e-06,1e-06,1e-06,0,1e-06,1e-06,0,1e-06,1e-06,0,1e-06,1e-06,0,1e-06,1e-06,0,1e-06,1e-06,1e-06,0,1e-06,1e-06,1e-06,0,0,1e-06,1e-06,1e-06,1e-06,0,0,1e-06,1e-06,1e-06,1e-06,0,0,1e-06,1e-06,1e-06,1e-06,0,0,0,1e-06,1e-06,1e-06,1e-06,0,0,0,1e-06,1e-06,1e-06,0,0,1e-06,1e-06,1e-06,1e-06,0,0,0,1e-06,1e-06,1e-06,1e-06,0,1e-06,1e-06,1e-06,1e-06,0,1e-06,1e-06,1e-06,1e-06,0,0,1e-06,1e-06,1e-06,1e-06,0,0,0,1e-06,1e-06,1e-06,1e-06,0,0,1e-06,1e-06,1e-06,1e-06,0,1e-06,1e-06,1e-06,
#>quicksort 10 case 4
1e-06,1e-06,1e-06,1e-06,0,1e-06,1.5e-05,1e-06,0,1e-06,1e-06,1e-06,1e-06,0,1e-06,1e-06,1e-06,0,1.4e-05,1e-06,1e-06,1e-06,1e-06,1e-06,1e-06,1e-06,1e-06,0,1e-06,1e-06,1e-06,0,1e-06,1e-06,1e-06,1e-06,1e-06,1e-06,0,1e-06,1e-06,1e-06,1e-06,1e-06,1e-06,1e-06,1e-06,1e-06,1e-06,1e-06,1e-06,1e-06,1e-06,0,1e-06,1e-06,1e-06,0,1e-06,1e-06,0,1e-06,1e-06,1e-06,1e-06,1e-06,1e-06,1e-06,0,1e-06,1e-06,1e-06,1e-06,1e-06,1e-06,1e-06,1e-06,1e-06,1e-06,1e-06,1e-06,0,1e-06,1e-06,0,1e-06,1e-06,1e-06,0,1e-06,1e-06,1e-06,1e-06,1e-06,1e-06,0,1e-06,1e-06,1e-06,1e-06,
#>quicksort 1000 case 1
0.000153,0.003143,0.003147,0.003178,0.003234,0.003145,0.003141,0.003145,0.003187,0.003203,0.003145,0.003145,0.003143,0.003145,0.003145,0.003146,0.003144,0.003143,0.003144,0.003145,0.003154,0.003145,0.003145,0.003143,0.003144,0.003145,0.003145,0.003145,0.003143,0.003143,0.003177,0.003222,0.003145,0.003145,0.003143,0.003162,0.003176,0.003145,0.003145,0.003145,0.003143,0.003231,0.003145,0.003144,0.003145,0.003143,0.003215,0.003145,0.003145,0.003144,0.003145,0.0032,0.003144,0.003145,0.003145,0.003145,0.003202,0.003143,0.003144,0.003144,0.003145,0.003205,0.003143,0.003145,0.003145,0.003145,0.003201,0.003145,0.003144,0.003144,0.003144,0.003174,0.003145,0.003143,0.003143,0.003188,0.003146,0.003173,0.003144,0.003142,0.003188,0.003145,0.003147,0.003144,0.003145,0.0032,0.003144,0.003145,0.003146,0.003145,0.003173,0.003145,0.003146,0.003144,0.003145,0.003201,0.003143,0.003144,0.003144,0.003145,
#>quicksort 1000 case 2
0.000186,0.000121,0.000123,0.000121,0.000118,0.000119,0.000122,0.00013,0.000124,0.000119,0.000121,0.000119,0.000126,0.000119,0.00012,0.000125,0.000121,0.000119,0.000114,0.000123,0.000121,0.000119,0.000122,0.00012,0.000123,0.000119,0.000125,0.000123,0.000125,0.000119,0.000122,0.000117,0.000123,0.000122,0.00012,0.000124,0.000118,0.000119,0.000117,0.000129,0.00012,0.000124,0.000118,0.000117,0.000119,0.000123,0.000122,0.000121,0.000118,0.000122,0.000122,0.000118,0.000122,0.000129,0.000122,0.000123,0.000122,0.000119,0.000118,0.000119,0.000125,0.000126,0.000122,0.000119,0.000118,0.000118,0.000119,0.000119,0.000121,0.000123,0.00012,0.000124,0.000119,0.000122,0.000126,0.000119,0.000118,0.000119,0.000121,0.000119,0.000126,0.000119,0.00012,0.000119,0.00012,0.000122,0.000117,0.000125,0.000121,0.000121,0.000119,0.000128,0.000121,0.000142,0.000121,0.000119,0.000121,0.000114,0.000122,0.000121,
#>quicksort 1000 case 3
0.000881,0.001046,0.000915,0.0009,0.001049,0.001034,0.000946,0.000939,0.000876,0.000877,0.000957,0.000976,0.000995,0.000906,0.00114,0.000936,0.000875,0.000898,0.000951,0.001154,0.00081,0.000901,0.001069,0.000929,0.00094,0.000997,0.000923,0.001009,0.000913,0.000964,0.000811,0.000816,0.000988,0.001011,0.001071,0.000905,0.00106,0.000979,0.000993,0.000949,0.000837,0.000958,0.000817,0.00107,0.000812,0.000979,0.000976,0.00099,0.000982,0.000987,0.000837,0.000935,0.000928,0.000907,0.000851,0.000947,0.000901,0.000946,0.001006,0.000897,0.000955,0.00106,0.00101,0.000871,0.000965,0.001195,0.000851,0.000858,0.000867,0.000995,0.000897,0.001002,0.000978,0.000962,0.001147,0.000964,0.000981,0.000863,0.001015,0.000901,0.001086,0.0008,0.000926,0.001036,0.00089,0.000891,0.000998,0.000953,0.000936,0.000819,0.001126,0.000918,0.000823,0.000885,0.000904,0.00093,0.000992,0.001058,0.000922,0.000908,
#>quicksort 1000 case 4
0.000104,0.000249,0.000106,0.000161,0.000131,0.000179,0.000145,0.000124,0.000208,0.000136,0.000145,0.000159,0.000143,0.000148,0.000102,0.000115,0.00028,9.2e-05,9.9e-05,0.00013,0.000123,0.000164,0.000202,9.9e-05,0.000106,9.9e-05,0.000253,0.000138,0.000168,0.000161,0.000132,0.000163,0.000102,0.000201,0.000128,0.000141,9.6e-05,0.000118,0.000109,0.000185,0.000384,0.000116,0.000194,0.000114,0.000267,0.000127,0.000107,0.0001,0.00014,0.000166,0.000139,0.000207,0.000266,0.000153,0.000191,0.000153,0.000128,0.000216,0.000162,0.00014,0.000143,0.000106,0.000199,0.000166,0.000172,0.000176,0.000128,0.000105,0.000159,0.00017,0.000227,0.000294,0.000182,0.000158,0.000145,0.000129,0.00028,0.000164,0.000216,0.000153,0.000117,0.000355,0.000221,0.00022,0.000147,0.000129,0.000132,0.000103,0.000151,0.000179,0.000165,0.000138,0.000111,0.000291,0.000262,0.000177,0.000249,0.000129,0.000134,0.000176,
#>quicksort 10000 case 1
0.004342,0.312721,0.312593,0.312562,0.315623,0.312494,0.312595,0.312633,0.312466,0.312541,0.312467,0.312517,0.312501,0.31247,0.312487,0.312526,0.312682,0.31252,0.312495,0.312649,0.312573,0.312473,0.312518,0.312471,0.312516,0.312506,0.312466,0.312707,0.312527,0.31247,0.312517,0.312477,0.312602,0.312493,0.312539,0.312479,0.312491,0.31249,0.312573,0.312468,0.312482,0.312604,0.312468,0.312603,0.312498,0.312599,0.312483,0.312513,0.312471,0.312495,0.312517,0.312495,0.312498,0.312484,0.312556,0.312528,0.312492,0.31256,0.312638,0.312777,0.312526,0.312467,0.312496,0.312494,0.312497,0.312463,0.312632,0.312476,0.312491,0.312486,0.312649,0.312469,0.312475,0.312545,0.31247,0.3125,0.312559,0.312511,0.312463,0.312534,0.312465,0.312554,0.312488,0.312698,0.312498,0.31252,0.312492,0.312496,0.312471,0.312646,0.312467,0.312462,0.312538,0.31246,0.312498,0.312579,0.312573,0.312566,0.312517,0.312953,
#>quicksort 10000 case 2
0.004023,0.004083,0.00418,0.004238,0.004126,0.004081,0.004292,0.004123,0.004046,0.004049,0.004098,0.004112,0.004144,0.004122,0.004075,0.004093,0.004089,0.004142,0.004142,0.004079,0.004093,0.004097,0.0041,0.004175,0.004147,0.004076,0.004125,0.004125,0.004141,0.004101,0.004065,0.004069,0.004038,0.004095,0.004071,0.0041,0.00409,0.004094,0.004076,0.00417,0.004084,0.004207,0.004062,0.004083,0.004086,0.004127,0.004055,0.004099,0.004022,0.004085,0.004072,0.004122,0.004114,0.004081,0.004069,0.004125,0.004098,0.004125,0.004089,0.004076,0.004081,0.004078,0.004083,0.004093,0.004124,0.004117,0.004075,0.004075,0.004071,0.00407,0.004053,0.004055,0.004068,0.00413,0.004082,0.00411,0.004066,0.004111,0.004112,0.00409,0.004086,0.004068,0.004115,0.004082,0.00408,0.004048,0.004054,0.004104,0.004082,0.004101,0.004067,0.004088,0.004072,0.004039,0.004074,0.004045,0.004088,0.004066,0.004127,0.004058,
#>quicksort 10000 case 3
0.09704,0.067566,0.087996,0.093937,0.093844,0.096048,0.072644,0.094722,0.084559,0.097567,0.06484,0.087261,0.099135,0.07468,0.076648,0.07924,0.081149,0.074103,0.075065,0.089717,0.082714,0.08126,0.10236,0.082938,0.077771,0.071194,0.080716,0.086193,0.059758,0.06859,0.098266,0.091244,0.073617,0.10013,0.087488,0.084164,0.095286,0.094312,0.077386,0.075983,0.088971,0.05736,0.085867,0.077188,0.095436,0.088633,0.096815,0.074021,0.050831,0.111618,0.076133,0.06378,0.095777,0.10021,0.094629,0.125579,0.094152,0.079469,0.083494,0.066906,0.078877,0.080806,0.068102,0.091101,0.083507,0.088885,0.074798,0.052565,0.09024,0.093504,0.084141,0.097067,0.082179,0.066247,0.085583,0.075637,0.077701,0.081933,0.078483,0.071988,0.056969,0.084905,0.079677,0.100586,0.068125,0.082536,0.105511,0.0721,0.073891,0.056267,0.097831,0.072546,0.054208,0.101278,0.098741,0.098351,0.101191,0.089479,0.087295,0.090505,
#>quicksort 10000 case 4
0.003968,0.005948,0.004131,0.003907,0.004514,0.004361,0.00432,0.003926,0.00397,0.004421,0.004399,0.004409,0.004429,0.00403,0.005894,0.00413,0.004097,0.00415,0.004146,0.004104,0.004437,0.003978,0.00461,0.004014,0.004152,0.004833,0.004239,0.003971,0.004272,0.005107,0.003983,0.004133,0.00424,0.004859,0.004163,0.00423,0.005164,0.0044,0.004063,0.004162,0.004363,0.003891,0.004316,0.004272,0.004467,0.004231,0.004332,0.004224,0.004113,0.004211,0.004337,0.005286,0.004357,0.005911,0.004123,0.004746,0.004242,0.004963,0.003975,0.004128,0.00429,0.00421,0.004437,0.005596,0.004274,0.004457,0.004636,0.004215,0.004136,0.004124,0.005051,0.003979,0.005347,0.004485,0.005218,0.004517,0.004164,0.004352,0.004439,0.004114,0.004498,0.004519,0.004783,0.004198,0.005567,0.004997,0.004262,0.004769,0.004844,0.004019,0.005093,0.004105,0.004795,0.003898,0.004649,0.004103,0.003983,0.005417,0.004305,0.00405,
#>quicksort 100000 case 1
0.324894,31.4007,31.3975,31.3875,31.3881,31.393,31.3912,31.3882,31.3891,31.3862,31.3876,31.386,31.3988,31.3916,31.3893,31.3882,31.3955,31.3968,31.3905,31.397,31.3881,31.3887,31.3869,31.3889,31.3943,31.3976,31.3902,31.3936,31.3958,31.3968,31.3957,31.4004,31.3934,31.3882,31.3878,31.3964,31.3892,31.3896,31.388,31.3862,31.3922,31.3964,31.3881,31.3865,31.3888,31.3952,31.3971,31.3954,31.3937,31.3949,31.3902,31.391,31.3904,31.387,31.3919,31.3869,31.3886,31.3915,31.3974,31.3973,31.396,31.3968,31.3929,31.3888,31.3854,31.3957,31.3957,31.3881,31.3865,31.3913,31.3891,31.388,31.3862,31.3957,31.3877,31.3941,31.3946,31.3904,31.3943,31.3907,31.3974,31.3946,31.397,31.3866,31.3879,31.3913,31.3909,31.3945,31.4003,31.395,31.3913,31.3954,31.3906,31.3872,31.3872,31.3859,31.3873,31.3859,31.3864,31.3907,
#>quicksort 100000 case 2
0.321711,0.321602,0.321583,0.324775,0.322865,0.32173,0.321907,0.321993,0.322503,0.321611,0.321693,0.321519,0.321591,0.322277,0.321883,0.321755,0.322174,0.321748,0.3218,0.321936,0.321935,0.321603,0.32148,0.321667,0.321664,0.321446,0.321618,0.321823,0.321779,0.321916,0.321806,0.321654,0.321665,0.322016,0.322191,0.321796,0.321793,0.321781,0.322002,0.322411,0.321855,0.3217,0.321692,0.321344,0.321855,0.321556,0.321484,0.322167,0.32224,0.321705,0.321585,0.321736,0.321865,0.321306,0.322094,0.321493,0.321583,0.321314,0.321795,0.322031,0.322017,0.321708,0.321766,0.322027,0.321772,0.321976,0.322653,0.321979,0.321504,0.321423,0.321298,0.321787,0.32173,0.321636,0.321847,0.321602,0.32183,0.321643,0.322383,0.32159,0.321866,0.321977,0.321322,0.321708,0.321873,0.321467,0.321907,0.321468,0.321889,0.321434,0.321843,0.322146,0.321193,0.322365,0.321193,0.321622,0.321785,0.321454,0.322126,0.322191,
#>quicksort 100000 case 3
3.855,2.44383,13.538,3.69452,14.1967,10.9594,6.03875,10.3037,2.5641,13.9672,12.3876,5.56037,2.39929,3.67707,11.446,13.3541,6.36261,8.36155,3.74708,2.31152,11.5541,4.78171,4.70185,13.2273,3.63139,4.83018,6.56049,9.75795,10.7348,2.47136,5.45951,4.85504,7.91913,5.713,4.56867,3.32757,13.3834,11.7454,9.46195,4.06355,2.46892,7.09176,5.28151,4.47916,3.3116,4.68614,12.0455,12.0744,11.9749,3.76379,4.93618,4.30296,5.90724,7.90556,11.5169,6.63056,13.8259,3.2386,10.9393,2.89126,7.15163,12.757,6.5629,4.83359,6.6803,13.3442,5.79804,14.087,7.6918,10.4479,5.6013,13.6282,5.71913,10.1281,7.29073,11.5364,4.79623,4.95041,6.8912,5.74798,7.75542,9.6504,4.57819,11.1317,11.85,4.03277,4.80066,10.0142,6.5022,4.28614,5.53186,6.89164,3.81987,3.25574,4.27564,1.88595,5.50321,4.64941,7.20886,10.4877,
#>quicksort 100000 case 4
0.322261,0.324563,0.321837,0.32405,0.328346,0.321662,0.324015,0.324048,0.321574,0.323802,0.322575,0.328409,0.323175,0.337213,0.321599,0.33388,0.327536,0.326619,0.322798,0.321967,0.325417,0.321575,0.321807,0.332272,0.335209,0.333124,0.326709,0.329497,0.335079,0.321927,0.326273,0.321903,0.332095,0.327407,0.327234,0.321262,0.330806,0.330748,0.322001,0.325553,0.3257,0.32557,0.327177,0.328707,0.323394,0.320525,0.329825,0.325404,0.324142,0.320342,0.32649,0.324592,0.323056,0.324788,0.321857,0.325817,0.322865,0.32876,0.330746,0.331584,0.322771,0.326539,0.320761,0.327227,0.325314,0.325052,0.324058,0.34153,0.323942,0.339977,0.321791,0.329183,0.323216,0.322242,0.321959,0.323916,0.32819,0.324667,0.329214,0.323288,0.321796,0.344565,0.325976,0.322703,0.342898,0.336893,0.334984,0.326597,0.323014,0.344345,0.322417,0.321526,0.323294,0.324418,0.334242,0.324818,0.320811,0.335774,0.319911,0.324658,
#>quicksort 1000000 case 1
>120 minutes
#>quicksort 1000000 case 2
>120 minutes
#>quicksort 1000000 case 3
>120 minutes
#>quicksort 1000000 case 4
>120 minutes